name: hand_pose
channels:
  - defaults
dependencies:
  - blas=1.0=mkl
  - bzip2=1.0.6=h1de35cc_5
  - ca-certificates=2018.03.07=0
  - cairo=1.14.12=he60d9cb_2
  - certifi=2018.4.16=py36_0
  - ffmpeg=4.0=hc84425e_0
  - fontconfig=2.12.6=h9850fc5_0
  - freetype=2.8=h12048fb_1
  - gettext=0.19.8.1=h15daf44_3
  - glib=2.56.1=h35bc53a_0
  - graphite2=1.3.11=h2098e52_2
  - harfbuzz=1.7.6=h171471c_1
  - hdf5=1.10.2=hfa1e0ec_1
  - icu=58.2=h4b95b61_1
  - intel-openmp=2018.0.3=0
  - jasper=2.0.14=h636a363_1
  - jpeg=9b=he5867d9_2
  - libcxx=4.0.1=h579ed51_0
  - libcxxabi=4.0.1=hebd6815_0
  - libedit=3.1.20170329=hb402a30_2
  - libffi=3.2.1=h475c297_4
  - libgfortran=3.0.1=h93005f0_2
  - libiconv=1.15=hdd342a3_7
  - libopencv=3.4.1=h0f2e407_1
  - libopus=1.2.1=h169cedb_0
  - libpng=1.6.34=he12f830_0
  - libprotobuf=3.5.2=h2cd40f5_0
  - libtiff=4.0.9=hcb84e12_1
  - libvpx=1.7.0=h378b8a2_0
  - libxml2=2.9.8=hab757c2_1
  - mkl=2018.0.3=1
  - mkl_fft=1.0.1=py36h917ab60_0
  - mkl_random=1.0.1=py36h78cc56f_0
  - ncurses=6.1=h0a44026_0
  - numpy=1.14.5=py36h9bb19eb_0
  - numpy-base=1.14.5=py36ha9ae307_0
  - opencv=3.4.1=py36h6fd60c2_2
  - openssl=1.0.2o=h26aff7b_0
  - pcre=8.42=h378b8a2_0
  - pip=10.0.1=py36_0
  - pixman=0.34.0=hca0a616_3
  - py-opencv=3.4.1=py36h9d9193e_1
  - python=3.6.6=hc167b69_0
  - readline=7.0=hc1231fa_4
  - setuptools=39.2.0=py36_0
  - sqlite=3.24.0=ha441bb4_0
  - tk=8.6.7=h35a86e2_3
  - wheel=0.31.1=py36_0
  - xz=5.2.4=h1de35cc_4
  - zlib=1.2.11=hf3cbc9b_2
  - pip:
    - absl-py==0.2.2
    - astor==0.6.2
    - bleach==1.5.0
    - gast==0.2.0
    - grpcio==1.12.1
    - html5lib==0.9999999
    - imutils==0.4.6
    - markdown==2.6.11
    - protobuf==3.6.0
    - six==1.11.0
    - tensorboard==1.8.0
    - tensorflow==1.8.0
    - termcolor==1.1.0
    - werkzeug==0.14.1
prefix: /Users/Pablo/miniconda3/envs/hand_pose

